Generation Best Fitness Average Fitness
1          0.787000     0.779960    
2          0.789000     0.784360    
3          0.793000     0.784920    
4          0.789000     0.782440    
5          0.788000     0.783640    
6          0.789000     0.783720    
7          0.789000     0.785320    
8          0.791000     0.788640    
9          0.789000     0.787120    
10         0.789000     0.787720    
11         0.786000     0.784280    
12         0.785000     0.780680    
13         0.779000     0.778120    
14         0.782000     0.778640    
15         0.782000     0.779840    
16         0.782000     0.782000    
17         0.780000     0.779440    
18         0.775000     0.775000    
19         0.775000     0.774560    
20         0.780000     0.778240    
21         0.780000     0.779240    
22         0.770000     0.770000    
23         0.774000     0.772960    
24         0.776000     0.775280    
25         0.777000     0.777000    
26         0.783000     0.783000    
27         0.774000     0.774000    
28         0.789000     0.789000    
29         0.788000     0.788000    
30         0.783000     0.783000    
31         0.786000     0.786000    
32         0.787000     0.787000    
33         0.785000     0.785000    
34         0.783000     0.783000    
35         0.781000     0.781000    
36         0.782000     0.782000    
37         0.782000     0.782000    
38         0.782000     0.782000    
39         0.774000     0.774000    
40         0.776000     0.776000    
41         0.772000     0.772000    
42         0.778000     0.778000    
43         0.776000     0.776000    
44         0.782000     0.782000    
45         0.784000     0.784000    
46         0.774000     0.774000    
47         0.776000     0.776000    
48         0.777000     0.777000    
49         0.774000     0.774000    
50         0.777000     0.777000    
Instruction Mix per Generation
Demotion_Clean: 20.00%
Demotion_Dirty: 20.00%
Insertion: 20.00%
SelfPromotion_Clean: 20.00%
SelfPromotion_Dirty: 20.00%
